1
41
81
0
2
42
82
0
3
43
83
0
4
44
84
0
5
45
85
0
6
46
86
0
7
47
87
0
8
48
88
0
0
0
0
0
0
0
0
0
9
49
89
0
A
4A
8A
0
B
4B
8B
0
C
4C
8C
0
D
4D
8D
0
E
4E
8E
0
F
4F
8F
0
10
50
90
0
0
0
0
0
0
0
0
0
11
51
91
0
12
52
92
0
13
53
93
0
14
54
94
0
15
55
95
0
16
56
96
0
17
57
97
0
18
58
98
0
0
0
0
0
0
0
0
0
19
59
99
0
1A
5A
9A
0
1B
5B
9B
0
1C
5C
9C
0
1D
5D
9D
0
1E
5E
9E
0
1F
5F
9F
0
20
60
A0
0
0
0
0
0
0
0
0
0
21
61
A1
0
22
62
A2
0
23
63
A3
0
24
64
A4
0
25
65
A5
0
26
66
A6
0
27
67
A7
0
28
68
A8
0
0
0
0
0
0
0
0
0
29
69
A9
0
2A
6A
AA
0
2B
6B
AB
0
2C
6C
AC
0
2D
6D
AD
0
2E
6E
AE
0
2F
6F
AF
0
30
70
B0
0
0
0
0
0
0
0
0
0
31
71
B1
0
32
72
B2
0
33
73
B3
0
34
74
B4
0
35
75
B5
0
36
76
B6
0
37
77
B7
0
38
78
B8
0
0
0
0
0
0
0
0
0
39
79
B9
0
3A
7A
BA
0
3B
7B
BB
0
3C
7C
BC
0
3D
7D
BD
0
3E
7E
BE
0
3F
7F
BF
0
40
80
C0
0
0
0
0
0
0
0
0
0
0
0
0
0
0
0
0
0
0
0
0
0
0
0
0
0
0
0
0
0
0
0
0
0
0
0
0
0
0
0
0
0
0
0
0
0
0
0
0
0
0
0
0
0
0
0
0
0
0
0
0
0
0
0
0
0
0
0
0
0
0
0
0
0
0
0
0
0
0
0
0
0
0
0
0
0
0
0
0
0
