FFE5
000A
FFF0
FFE3
0000
0000
0000
0000
0000
0000
0000
0000
0000
0000
0000
0000
0007
FFF7
FFE3
0017
0000
0000
0000
0000
0000
0000
0000
0000
0000
0000
0000
0000
FFEA
FFE0
FFD6
0011
0000
0000
0000
0000
0000
0000
0000
0000
0000
0000
0000
0000
FFF7
FFDF
FFE8
0000
0000
0000
0000
0000
0000
0000
0000
0000
0000
0000
0000
0000
0013
FFDF
0017
FFE8
0000
0000
0000
0000
0000
0000
0000
0000
0000
0000
0000
0000
FFCE
0012
FFFC
002A
0000
0000
0000
0000
0000
0000
0000
0000
0000
0000
0000
0000
FFFD
001F
FFEB
0036
0000
0000
0000
0000
0000
0000
0000
0000
0000
0000
0000
0000
FFEA
000D
FFD1
0019
0000
0000
0000
0000
0000
0000
0000
0000
0000
0000
0000
0000
001E
0036
000A
FFC7
0000
0000
0000
0000
0000
0000
0000
0000
0000
0000
0000
0000
002B
0039
0006
FFD0
0000
0000
0000
0000
0000
0000
0000
0000
0000
0000
0000
0000
FFD5
001B
001A
003D
0000
0000
0000
0000
0000
0000
0000
0000
0000
0000
0000
0000
FFF6
0015
000B
0033
0000
0000
0000
0000
0000
0000
0000
0000
0000
0000
0000
0000
FFF9
0013
0000
FFD6
0000
0000
0000
0000
0000
0000
0000
0000
0000
0000
0000
0000
0028
0033
FFFA
FFD1
0000
0000
0000
0000
0000
0000
0000
0000
0000
0000
0000
0000
002D
0000
0021
FFDB
0000
0000
0000
0000
0000
0000
0000
0000
0000
0000
0000
0000
000A
FFFF
FFF8
0011
0000
0000
0000
0000
0000
0000
0000
0000
0000
0000
0000
0000
FFE0
FFEE
FFDA
0028
0000
0000
0000
0000
0000
0000
0000
0000
0000
0000
0000
0000
FFE9
FFF2
FFFE
FFF1
0000
0000
0000
0000
0000
0000
0000
0000
0000
0000
0000
0000
001B
FFD2
0016
0001
0000
0000
0000
0000
0000
0000
0000
0000
0000
0000
0000
0000
002F
FFF4
0020
FFF0
0000
0000
0000
0000
0000
0000
0000
0000
0000
0000
0000
0000
0008
FFE7
FFFF
000D
0000
0000
0000
0000
0000
0000
0000
0000
0000
0000
0000
0000
FFE5
FFD2
FFED
FFF7
0000
0000
0000
0000
0000
0000
0000
0000
0000
0000
0000
0000
FFF8
FFDB
FFE5
0008
0000
0000
0000
0000
0000
0000
0000
0000
0000
0000
0000
0000
001A
FFD1
FFF2
FFFF
0000
0000
0000
0000
0000
0000
0000
0000
0000
0000
0000
0000
000B
FFE3
002D
FFEE
0000
0000
0000
0000
0000
0000
0000
0000
0000
0000
0000
0000
FFFE
FFEC
FFE5
FFF1
0000
0000
0000
0000
0000
0000
0000
0000
0000
0000
0000
0000
000C
FFD0
FFE7
FFFB
0000
0000
0000
0000
0000
0000
0000
0000
0000
0000
0000
0000
0037
FFF6
FFF4
FFFD
0000
0000
0000
0000
0000
0000
0000
0000
0000
0000
0000
0000
0012
0017
0009
0016
0000
0000
0000
0000
0000
0000
0000
0000
0000
0000
0000
0000
001F
0000
003A
FFFC
0000
0000
0000
0000
0000
0000
0000
0000
0000
0000
0000
0000
FFD3
FFFA
FFE2
FFE3
0000
0000
0000
0000
0000
0000
0000
0000
0000
0000
0000
0000
FFE2
FFF4
FFE2
000E
0000
0000
0000
0000
0000
0000
0000
0000
0000
0000
0000
0000
FFE6
0013
FFFD
FFED
0000
0000
0000
0000
0000
0000
0000
0000
0000
0000
0000
0000
FFFA
0010
FFDA
FFE7
0000
0000
0000
0000
0000
0000
0000
0000
0000
0000
0000
0000
FFF0
FFE8
001E
FFD8
0000
0000
0000
0000
0000
0000
0000
0000
0000
0000
0000
0000
0000
0008
FFF5
0026
0000
0000
0000
0000
0000
0000
0000
0000
0000
0000
0000
0000
FFD2
0026
FFD8
FFF8
0000
0000
0000
0000
0000
0000
0000
0000
0000
0000
0000
0000
0000
001D
0001
FFFC
0000
0000
0000
0000
0000
0000
0000
0000
0000
0000
0000
0000
0016
001D
FFD7
FFFD
0000
0000
0000
0000
0000
0000
0000
0000
0000
0000
0000
0000
FFEE
FFFA
FFE1
FFF3
0000
0000
0000
0000
0000
0000
0000
0000
0000
0000
0000
0000
0014
000D
0008
FFE9
0000
0000
0000
0000
0000
0000
0000
0000
0000
0000
0000
0000
0004
0009
FFEF
000C
0000
0000
0000
0000
0000
0000
0000
0000
0000
0000
0000
0000
FFD3
001C
FFD5
0020
0000
0000
0000
0000
0000
0000
0000
0000
0000
0000
0000
0000
000D
FFE2
FFF7
FFF5
0000
0000
0000
0000
0000
0000
0000
0000
0000
0000
0000
0000
0011
FFE6
FFE0
001C
0000
0000
0000
0000
0000
0000
0000
0000
0000
0000
0000
0000
FFFB
0021
002C
001A
0000
0000
0000
0000
0000
0000
0000
0000
0000
0000
0000
0000
0023
0011
0019
FFEE
0000
0000
0000
0000
0000
0000
0000
0000
0000
0000
0000
0000
0011
FFE8
0032
0022
0000
0000
0000
0000
0000
0000
0000
0000
0000
0000
0000
0000
FFDE
FFF2
FFFB
FFE8
0000
0000
0000
0000
0000
0000
0000
0000
0000
0000
0000
0000
FFDE
FFDF
FFF7
FFF0
0000
0000
0000
0000
0000
0000
0000
0000
0000
0000
0000
0000
0005
000A
FFF1
0020
0000
0000
0000
0000
0000
0000
0000
0000
0000
0000
0000
0000
FFFE
FFF3
FFE5
0024
0000
0000
0000
0000
0000
0000
0000
0000
0000
0000
0000
0000
0010
FFD6
0021
0042
0000
0000
0000
0000
0000
0000
0000
0000
0000
0000
0000
0000
FFE3
FFC0
0016
0007
0000
0000
0000
0000
0000
0000
0000
0000
0000
0000
0000
0000
FFE0
FFE0
FFD3
FFED
0000
0000
0000
0000
0000
0000
0000
0000
0000
0000
0000
0000
000A
FFEC
FFE0
003B
0000
0000
0000
0000
0000
0000
0000
0000
0000
0000
0000
0000
0010
0001
FFE9
0037
0000
0000
0000
0000
0000
0000
0000
0000
0000
0000
0000
0000
FFCF
0010
002A
FFEE
0000
0000
0000
0000
0000
0000
0000
0000
0000
0000
0000
0000
FFFE
0000
000A
0007
0000
0000
0000
0000
0000
0000
0000
0000
0000
0000
0000
0000
001A
FFD7
FFEF
FFFA
0000
0000
0000
0000
0000
0000
0000
0000
0000
0000
0000
0000
FFE8
FFF7
FFF4
000C
0000
0000
0000
0000
0000
0000
0000
0000
0000
0000
0000
0000
FFE7
FFF1
FFE5
FFF7
0000
0000
0000
0000
0000
0000
0000
0000
0000
0000
0000
0000
0012
FFFA
0011
FFE8
0000
0000
0000
0000
0000
0000
0000
0000
0000
0000
0000
0000
002B
0016
FFF8
FFD9
0000
0000
0000
0000
0000
0000
0000
0000
0000
0000
0000
0000
003C
001F
FFFE
0004
0000
0000
0000
0000
0000
0000
0000
0000
0000
0000
0000
0000
0013
FFF4
FFFE
FFD5
0000
0000
0000
0000
0000
0000
0000
0000
0000
0000
0000
0000
0024
0020
FFFD
FFD4
0000
0000
0000
0000
0000
0000
0000
0000
0000
0000
0000
0000
0031
0020
001F
FFCA
0000
0000
0000
0000
0000
0000
0000
0000
0000
0000
0000
0000
0012
002A
FFE8
FFF7
0000
0000
0000
0000
0000
0000
0000
0000
0000
0000
0000
0000
001D
0005
001C
000B
0000
0000
0000
0000
0000
0000
0000
0000
0000
0000
0000
0000
FFFF
002E
0004
FFDD
0000
0000
0000
0000
0000
0000
0000
0000
0000
0000
0000
0000
0016
FFFC
FFF8
FFD4
0000
0000
0000
0000
0000
0000
0000
0000
0000
0000
0000
0000
FFDF
FFDD
0019
FFEC
0000
0000
0000
0000
0000
0000
0000
0000
0000
0000
0000
0000
FFF3
FFF6
FFE2
000D
0000
0000
0000
0000
0000
0000
0000
0000
0000
0000
0000
0000
FFCF
0018
0015
FFF0
0000
0000
0000
0000
0000
0000
0000
0000
0000
0000
0000
0000
0037
FFDD
FFDB
002A
0000
0000
0000
0000
0000
0000
0000
0000
0000
0000
0000
0000
0021
0020
FFFC
FFF8
0000
0000
0000
0000
0000
0000
0000
0000
0000
0000
0000
0000
FFFA
0019
0023
001B
0000
0000
0000
0000
0000
0000
0000
0000
0000
0000
0000
0000
FFE3
001E
0009
FFD7
0000
0000
0000
0000
0000
0000
0000
0000
0000
0000
0000
0000
FFE9
0000
FFEE
FFD6
0000
0000
0000
0000
0000
0000
0000
0000
0000
0000
0000
0000
0010
FFEE
FFE4
FFF6
0000
0000
0000
0000
0000
0000
0000
0000
0000
0000
0000
0000
FFD4
0027
0003
0013
0000
0000
0000
0000
0000
0000
0000
0000
0000
0000
0000
0000
FFD0
0000
0023
001A
0000
0000
0000
0000
0000
0000
0000
0000
0000
0000
0000
0000
FFFB
0017
0003
FFEF
0000
0000
0000
0000
0000
0000
0000
0000
0000
0000
0000
0000
FFF2
FFF6
FFF1
0001
0000
0000
0000
0000
0000
0000
0000
0000
0000
0000
0000
0000
FFDF
0000
001B
FFF3
0000
0000
0000
0000
0000
0000
0000
0000
0000
0000
0000
0000
FFCE
0034
FFF6
FFF4
0000
0000
0000
0000
0000
0000
0000
0000
0000
0000
0000
0000
FFE3
0000
FFE1
FFEB
0000
0000
0000
0000
0000
0000
0000
0000
0000
0000
0000
0000
FFD6
0008
000F
0010
0000
0000
0000
0000
0000
0000
0000
0000
0000
0000
0000
0000
0008
FFF0
0011
002B
0000
0000
0000
0000
0000
0000
0000
0000
0000
0000
0000
0000
FFD4
0017
0004
0017
0000
0000
0000
0000
0000
0000
0000
0000
0000
0000
0000
0000
FFD8
0019
FFE0
FFE7
0000
0000
0000
0000
0000
0000
0000
0000
0000
0000
0000
0000
FFF4
FFE5
FFD8
001D
0000
0000
0000
0000
0000
0000
0000
0000
0000
0000
0000
0000
0018
0005
FFE6
0020
0000
0000
0000
0000
0000
0000
0000
0000
0000
0000
0000
0000
0026
FFDC
FFFD
FFF2
0000
0000
0000
0000
0000
0000
0000
0000
0000
0000
0000
0000
FFE8
0014
FFE7
FFF9
0000
0000
0000
0000
0000
0000
0000
0000
0000
0000
0000
0000
FFF0
FFEB
FFDE
FFE3
0000
0000
0000
0000
0000
0000
0000
0000
0000
0000
0000
0000
0023
FFDF
FFFD
FFE3
0000
0000
0000
0000
0000
0000
0000
0000
0000
0000
0000
0000
0008
0000
0020
FFE3
0000
0000
0000
0000
0000
0000
0000
0000
0000
0000
0000
0000
0003
FFFF
FFE5
0008
0000
0000
0000
0000
0000
0000
0000
0000
0000
0000
0000
0000
000B
FFE0
000A
FFE8
0000
0000
0000
0000
0000
0000
0000
0000
0000
0000
0000
0000
FFEC
FFFB
FFFC
0019
0000
0000
0000
0000
0000
0000
0000
0000
0000
0000
0000
0000
0024
0026
0022
000F
0000
0000
0000
0000
0000
0000
0000
0000
0000
0000
0000
0000
0003
002C
001B
FFE2
0000
0000
0000
0000
0000
0000
0000
0000
0000
0000
0000
0000
0019
0001
0010
FFE9
0000
0000
0000
0000
0000
0000
0000
0000
0000
0000
0000
0000
FFDF
FFEE
001B
0007
0000
0000
0000
0000
0000
0000
0000
0000
0000
0000
0000
0000
FFDF
FFD1
001F
001D
0000
0000
0000
0000
0000
0000
0000
0000
0000
0000
0000
0000
FFD5
FFE0
002A
000A
0000
0000
0000
0000
0000
0000
0000
0000
0000
0000
0000
0000
FFFC
0010
003C
0030
0000
0000
0000
0000
0000
0000
0000
0000
0000
0000
0000
0000
002C
0019
0036
0023
0000
0000
0000
0000
0000
0000
0000
0000
0000
0000
0000
0000
0004
001B
FFF3
002A
0000
0000
0000
0000
0000
0000
0000
0000
0000
0000
0000
0000
FFFE
0002
FFED
002B
0000
0000
0000
0000
0000
0000
0000
0000
0000
0000
0000
0000
0009
FFD0
FFE6
FFF4
0000
0000
0000
0000
0000
0000
0000
0000
0000
0000
0000
0000
FFD6
0002
0000
0005
0000
0000
0000
0000
0000
0000
0000
0000
0000
0000
0000
0000
000C
0025
001C
0011
0000
0000
0000
0000
0000
0000
0000
0000
0000
0000
0000
0000
0028
0000
FFEC
0019
0000
0000
0000
0000
0000
0000
0000
0000
0000
0000
0000
0000
FFEF
0019
FFF2
FFEF
0000
0000
0000
0000
0000
0000
0000
0000
0000
0000
0000
0000
FFD9
FFD6
FFD8
FFFE
0000
0000
0000
0000
0000
0000
0000
0000
0000
0000
0000
0000
FFDF
FFEA
FFF0
FFEC
0000
0000
0000
0000
0000
0000
0000
0000
0000
0000
0000
0000
0008
0015
0021
0004
0000
0000
0000
0000
0000
0000
0000
0000
0000
0000
0000
0000
001F
001D
FFD4
FFE4
0000
0000
0000
0000
0000
0000
0000
0000
0000
0000
0000
0000
0004
0013
FFF8
FFE7
0000
0000
0000
0000
0000
0000
0000
0000
0000
0000
0000
0000
FFEE
FFEA
FFD5
FFE9
0000
0000
0000
0000
0000
0000
0000
0000
0000
0000
0000
0000
0004
0009
FFD8
FFE9
0000
0000
0000
0000
0000
0000
0000
0000
0000
0000
0000
0000
FFFE
FFE3
0000
FFDF
0000
0000
0000
0000
0000
0000
0000
0000
0000
0000
0000
0000
