003C
003C
0000
0000
0000
0000
0000
0000
0000
0000
0000
0000
0000
0000
0000
0000
003D
003D
0000
0000
0000
0000
0000
0000
0000
0000
0000
0000
0000
0000
0000
0000
003E
003E
0000
0000
0000
0000
0000
0000
0000
0000
0000
0000
0000
0000
0000
0000
003F
003F
0000
0000
0000
0000
0000
0000
0000
0000
0000
0000
0000
0000
0000
0000
0040
0040
0000
0000
0000
0000
0000
0000
0000
0000
0000
0000
0000
0000
0000
0000
0041
0041
0000
0000
0000
0000
0000
0000
0000
0000
0000
0000
0000
0000
0000
0000
0042
0042
0000
0000
0000
0000
0000
0000
0000
0000
0000
0000
0000
0000
0000
0000
0043
0043
0000
0000
0000
0000
0000
0000
0000
0000
0000
0000
0000
0000
0000
0000
0044
0044
0000
0000
0000
0000
0000
0000
0000
0000
0000
0000
0000
0000
0000
0000
