1
101
201
0
0
0
0
0
2
102
202
0
0
0
0
0
3
103
203
0
0
0
0
0
4
104
204
0
0
0
0
0
5
105
205
0
0
0
0
0
6
106
206
0
0
0
0
0
7
107
207
0
0
0
0
0
8
108
208
0
0
0
0
0
9
109
209
0
0
0
0
0
A
10A
20A
0
0
0
0
0
B
10B
20B
0
0
0
0
0
C
10C
20C
0
0
0
0
0
D
10D
20D
0
0
0
0
0
E
10E
20E
0
0
0
0
0
F
10F
20F
0
0
0
0
0
10
110
210
0
0
0
0
0
0
0
0
0
0
0
0
0
0
0
0
0
0
0
0
0
0
0
0
0
0
0
0
0
0
0
0
0
0
0
0
0
11
111
211
0
0
0
0
0
12
112
212
0
0
0
0
0
13
113
213
0
0
0
0
0
14
114
214
0
0
0
0
0
15
115
215
0
0
0
0
0
16
116
216
0
0
0
0
0
17
117
217
0
0
0
0
0
18
118
218
0
0
0
0
0
19
119
219
0
0
0
0
0
1A
11A
21A
0
0
0
0
0
1B
11B
21B
0
0
0
0
0
1C
11C
21C
0
0
0
0
0
1D
11D
21D
0
0
0
0
0
1E
11E
21E
0
0
0
0
0
1F
11F
21F
0
0
0
0
0
20
120
220
0
0
0
0
0
0
0
0
0
0
0
0
0
0
0
0
0
0
0
0
0
0
0
0
0
0
0
0
0
0
0
0
0
0
0
0
0
21
121
221
0
0
0
0
0
22
122
222
0
0
0
0
0
23
123
223
0
0
0
0
0
24
124
224
0
0
0
0
0
25
125
225
0
0
0
0
0
26
126
226
0
0
0
0
0
27
127
227
0
0
0
0
0
28
128
228
0
0
0
0
0
29
129
229
0
0
0
0
0
2A
12A
22A
0
0
0
0
0
2B
12B
22B
0
0
0
0
0
2C
12C
22C
0
0
0
0
0
2D
12D
22D
0
0
0
0
0
2E
12E
22E
0
0
0
0
0
2F
12F
22F
0
0
0
0
0
30
130
230
0
0
0
0
0
0
0
0
0
0
0
0
0
0
0
0
0
0
0
0
0
0
0
0
0
0
0
0
0
0
0
0
0
0
0
0
0
31
131
231
0
0
0
0
0
32
132
232
0
0
0
0
0
33
133
233
0
0
0
0
0
34
134
234
0
0
0
0
0
35
135
235
0
0
0
0
0
36
136
236
0
0
0
0
0
37
137
237
0
0
0
0
0
38
138
238
0
0
0
0
0
39
139
239
0
0
0
0
0
3A
13A
23A
0
0
0
0
0
3B
13B
23B
0
0
0
0
0
3C
13C
23C
0
0
0
0
0
3D
13D
23D
0
0
0
0
0
3E
13E
23E
0
0
0
0
0
3F
13F
23F
0
0
0
0
0
40
140
240
0
0
0
0
0
0
0
0
0
0
0
0
0
0
0
0
0
0
0
0
0
0
0
0
0
0
0
0
0
0
0
0
0
0
0
0
0
41
141
241
0
0
0
0
0
42
142
242
0
0
0
0
0
43
143
243
0
0
0
0
0
44
144
244
0
0
0
0
0
45
145
245
0
0
0
0
0
46
146
246
0
0
0
0
0
47
147
247
0
0
0
0
0
48
148
248
0
0
0
0
0
49
149
249
0
0
0
0
0
4A
14A
24A
0
0
0
0
0
4B
14B
24B
0
0
0
0
0
4C
14C
24C
0
0
0
0
0
4D
14D
24D
0
0
0
0
0
4E
14E
24E
0
0
0
0
0
4F
14F
24F
0
0
0
0
0
50
150
250
0
0
0
0
0
0
0
0
0
0
0
0
0
0
0
0
0
0
0
0
0
0
0
0
0
0
0
0
0
0
0
0
0
0
0
0
0
51
151
251
0
0
0
0
0
52
152
252
0
0
0
0
0
53
153
253
0
0
0
0
0
54
154
254
0
0
0
0
0
55
155
255
0
0
0
0
0
56
156
256
0
0
0
0
0
57
157
257
0
0
0
0
0
58
158
258
0
0
0
0
0
59
159
259
0
0
0
0
0
5A
15A
25A
0
0
0
0
0
5B
15B
25B
0
0
0
0
0
5C
15C
25C
0
0
0
0
0
5D
15D
25D
0
0
0
0
0
5E
15E
25E
0
0
0
0
0
5F
15F
25F
0
0
0
0
0
60
160
260
0
0
0
0
0
0
0
0
0
0
0
0
0
0
0
0
0
0
0
0
0
0
0
0
0
0
0
0
0
0
0
0
0
0
0
0
0
61
161
261
0
0
0
0
0
62
162
262
0
0
0
0
0
63
163
263
0
0
0
0
0
64
164
264
0
0
0
0
0
65
165
265
0
0
0
0
0
66
166
266
0
0
0
0
0
67
167
267
0
0
0
0
0
68
168
268
0
0
0
0
0
69
169
269
0
0
0
0
0
6A
16A
26A
0
0
0
0
0
6B
16B
26B
0
0
0
0
0
6C
16C
26C
0
0
0
0
0
6D
16D
26D
0
0
0
0
0
6E
16E
26E
0
0
0
0
0
6F
16F
26F
0
0
0
0
0
70
170
270
0
0
0
0
0
0
0
0
0
0
0
0
0
0
0
0
0
0
0
0
0
0
0
0
0
0
0
0
0
0
0
0
0
0
0
0
0
71
171
271
0
0
0
0
0
72
172
272
0
0
0
0
0
73
173
273
0
0
0
0
0
74
174
274
0
0
0
0
0
75
175
275
0
0
0
0
0
76
176
276
0
0
0
0
0
77
177
277
0
0
0
0
0
78
178
278
0
0
0
0
0
79
179
279
0
0
0
0
0
7A
17A
27A
0
0
0
0
0
7B
17B
27B
0
0
0
0
0
7C
17C
27C
0
0
0
0
0
7D
17D
27D
0
0
0
0
0
7E
17E
27E
0
0
0
0
0
7F
17F
27F
0
0
0
0
0
80
180
280
0
0
0
0
0
0
0
0
0
0
0
0
0
0
0
0
0
0
0
0
0
0
0
0
0
0
0
0
0
0
0
0
0
0
0
0
0
81
181
281
0
0
0
0
0
82
182
282
0
0
0
0
0
83
183
283
0
0
0
0
0
84
184
284
0
0
0
0
0
85
185
285
0
0
0
0
0
86
186
286
0
0
0
0
0
87
187
287
0
0
0
0
0
88
188
288
0
0
0
0
0
89
189
289
0
0
0
0
0
8A
18A
28A
0
0
0
0
0
8B
18B
28B
0
0
0
0
0
8C
18C
28C
0
0
0
0
0
8D
18D
28D
0
0
0
0
0
8E
18E
28E
0
0
0
0
0
8F
18F
28F
0
0
0
0
0
90
190
290
0
0
0
0
0
0
0
0
0
0
0
0
0
0
0
0
0
0
0
0
0
0
0
0
0
0
0
0
0
0
0
0
0
0
0
0
0
91
191
291
0
0
0
0
0
92
192
292
0
0
0
0
0
93
193
293
0
0
0
0
0
94
194
294
0
0
0
0
0
95
195
295
0
0
0
0
0
96
196
296
0
0
0
0
0
97
197
297
0
0
0
0
0
98
198
298
0
0
0
0
0
99
199
299
0
0
0
0
0
9A
19A
29A
0
0
0
0
0
9B
19B
29B
0
0
0
0
0
9C
19C
29C
0
0
0
0
0
9D
19D
29D
0
0
0
0
0
9E
19E
29E
0
0
0
0
0
9F
19F
29F
0
0
0
0
0
A0
1A0
2A0
0
0
0
0
0
0
0
0
0
0
0
0
0
0
0
0
0
0
0
0
0
0
0
0
0
0
0
0
0
0
0
0
0
0
0
0
0
A1
1A1
2A1
0
0
0
0
0
A2
1A2
2A2
0
0
0
0
0
A3
1A3
2A3
0
0
0
0
0
A4
1A4
2A4
0
0
0
0
0
A5
1A5
2A5
0
0
0
0
0
A6
1A6
2A6
0
0
0
0
0
A7
1A7
2A7
0
0
0
0
0
A8
1A8
2A8
0
0
0
0
0
A9
1A9
2A9
0
0
0
0
0
AA
1AA
2AA
0
0
0
0
0
AB
1AB
2AB
0
0
0
0
0
AC
1AC
2AC
0
0
0
0
0
AD
1AD
2AD
0
0
0
0
0
AE
1AE
2AE
0
0
0
0
0
AF
1AF
2AF
0
0
0
0
0
B0
1B0
2B0
0
0
0
0
0
0
0
0
0
0
0
0
0
0
0
0
0
0
0
0
0
0
0
0
0
0
0
0
0
0
0
0
0
0
0
0
0
B1
1B1
2B1
0
0
0
0
0
B2
1B2
2B2
0
0
0
0
0
B3
1B3
2B3
0
0
0
0
0
B4
1B4
2B4
0
0
0
0
0
B5
1B5
2B5
0
0
0
0
0
B6
1B6
2B6
0
0
0
0
0
B7
1B7
2B7
0
0
0
0
0
B8
1B8
2B8
0
0
0
0
0
B9
1B9
2B9
0
0
0
0
0
BA
1BA
2BA
0
0
0
0
0
BB
1BB
2BB
0
0
0
0
0
BC
1BC
2BC
0
0
0
0
0
BD
1BD
2BD
0
0
0
0
0
BE
1BE
2BE
0
0
0
0
0
BF
1BF
2BF
0
0
0
0
0
C0
1C0
2C0
0
0
0
0
0
0
0
0
0
0
0
0
0
0
0
0
0
0
0
0
0
0
0
0
0
0
0
0
0
0
0
0
0
0
0
0
0
C1
1C1
2C1
0
0
0
0
0
C2
1C2
2C2
0
0
0
0
0
C3
1C3
2C3
0
0
0
0
0
C4
1C4
2C4
0
0
0
0
0
C5
1C5
2C5
0
0
0
0
0
C6
1C6
2C6
0
0
0
0
0
C7
1C7
2C7
0
0
0
0
0
C8
1C8
2C8
0
0
0
0
0
C9
1C9
2C9
0
0
0
0
0
CA
1CA
2CA
0
0
0
0
0
CB
1CB
2CB
0
0
0
0
0
CC
1CC
2CC
0
0
0
0
0
CD
1CD
2CD
0
0
0
0
0
CE
1CE
2CE
0
0
0
0
0
CF
1CF
2CF
0
0
0
0
0
D0
1D0
2D0
0
0
0
0
0
0
0
0
0
0
0
0
0
0
0
0
0
0
0
0
0
0
0
0
0
0
0
0
0
0
0
0
0
0
0
0
0
D1
1D1
2D1
0
0
0
0
0
D2
1D2
2D2
0
0
0
0
0
D3
1D3
2D3
0
0
0
0
0
D4
1D4
2D4
0
0
0
0
0
D5
1D5
2D5
0
0
0
0
0
D6
1D6
2D6
0
0
0
0
0
D7
1D7
2D7
0
0
0
0
0
D8
1D8
2D8
0
0
0
0
0
D9
1D9
2D9
0
0
0
0
0
DA
1DA
2DA
0
0
0
0
0
DB
1DB
2DB
0
0
0
0
0
DC
1DC
2DC
0
0
0
0
0
DD
1DD
2DD
0
0
0
0
0
DE
1DE
2DE
0
0
0
0
0
DF
1DF
2DF
0
0
0
0
0
E0
1E0
2E0
0
0
0
0
0
0
0
0
0
0
0
0
0
0
0
0
0
0
0
0
0
0
0
0
0
0
0
0
0
0
0
0
0
0
0
0
0
E1
1E1
2E1
0
0
0
0
0
E2
1E2
2E2
0
0
0
0
0
E3
1E3
2E3
0
0
0
0
0
E4
1E4
2E4
0
0
0
0
0
E5
1E5
2E5
0
0
0
0
0
E6
1E6
2E6
0
0
0
0
0
E7
1E7
2E7
0
0
0
0
0
E8
1E8
2E8
0
0
0
0
0
E9
1E9
2E9
0
0
0
0
0
EA
1EA
2EA
0
0
0
0
0
EB
1EB
2EB
0
0
0
0
0
EC
1EC
2EC
0
0
0
0
0
ED
1ED
2ED
0
0
0
0
0
EE
1EE
2EE
0
0
0
0
0
EF
1EF
2EF
0
0
0
0
0
F0
1F0
2F0
0
0
0
0
0
0
0
0
0
0
0
0
0
0
0
0
0
0
0
0
0
0
0
0
0
0
0
0
0
0
0
0
0
0
0
0
0
F1
1F1
2F1
0
0
0
0
0
F2
1F2
2F2
0
0
0
0
0
F3
1F3
2F3
0
0
0
0
0
F4
1F4
2F4
0
0
0
0
0
F5
1F5
2F5
0
0
0
0
0
F6
1F6
2F6
0
0
0
0
0
F7
1F7
2F7
0
0
0
0
0
F8
1F8
2F8
0
0
0
0
0
F9
1F9
2F9
0
0
0
0
0
FA
1FA
2FA
0
0
0
0
0
FB
1FB
2FB
0
0
0
0
0
FC
1FC
2FC
0
0
0
0
0
FD
1FD
2FD
0
0
0
0
0
FE
1FE
2FE
0
0
0
0
0
FF
1FF
2FF
0
0
0
0
0
100
200
300
0
0
0
0
0
0
0
0
0
0
0
0
0
0
0
0
0
0
0
0
0
0
0
0
0
0
0
0
0
0
0
0
0
0
0
0
0
0
0
0
0
0
0
0
0
0
0
0
0
0
0
0
0
0
0
0
0
0
0
0
0
0
0
0
0
0
0
0
0
0
0
0
0
0
0
0
0
0
0
0
0
0
0
0
0
0
0
0
0
0
0
0
0
0
0
0
0
0
0
0
0
0
0
0
0
0
0
0
0
0
0
0
0
0
0
0
0
0
0
0
0
0
0
0
0
0
0
0
0
0
0
0
0
0
0
0
0
0
0
0
0
0
0
0
0
0
0
0
0
0
0
0
0
0
0
0
0
0
0
0
0
0
0
0
0
0
0
0
0
0
0
0
0
0
0
0
0
0
0
0
0
0
0
0
0
0
0
0
0
0
0
0
0
0
0
0
0
0
0
0
0
0
0
0
0
0
0
0
0
0
0
0
0
0
0
0
0
0
0
0
0
0
0
0
0
0
0
0
0
0
0
0
0
0
0
0
0
0
0
0
0
0
0
0
0
0
0
0
0
0
0
0
0
0
0
0
0
0
0
0
0
0
0
0
0
0
0
0
0
0
0
0
0
0
0
0
0
0
0
0
0
0
0
0
0
0
0
0
0
0
0
0
0
0
0
0
0
0
0
0
0
0
0
0
0
0
0
0
0
0
0
0
0
0
0
0
0
0
0
0
0
0
0
0
0
0
0
0
0
0
0
0
0
0
0
0
0
0
0
0
0
0
0
0
0
0
0
0
0
0
0
0
0
0
0
0
0
0
0
0
0
0
0
0
0
0
0
0
0
0
0
0
0
0
0
0
0
0
0
0
0
0
0
0
0
0
0
0
0
0
0
0
0
0
0
0
0
0
0
0
0
0
0
0
0
0
0
0
0
0
0
0
0
0
0
0
0
0
0
0
0
0
0
0
0
0
0
0
0
0
0
0
0
0
0
0
0
0
0
0
0
0
0
0
0
0
0
0
0
0
0
0
0
0
0
0
0
0
0
0
0
0
0
0
0
0
0
0
0
0
0
0
0
0
0
0
0
0
0
0
0
0
0
0
0
0
0
0
0
0
0
0
0
0
0
0
0
0
0
0
0
0
0
0
0
0
0
0
0
0
0
0
0
0
0
0
0
0
0
0
0
0
0
0
0
0
0
0
0
0
0
0
0
0
0
0
0
0
0
0
0
0
0
0
0
0
0
0
0
0
0
0
0
0
0
0
0
0
0
0
0
0
0
0
0
0
0
0
0
0
0
0
0
0
0
0
0
0
0
0
0
0
0
0
0
0
0
0
0
0
0
0
0
0
0
0
0
0
0
0
0
0
0
0
0
0
0
0
0
0
0
0
0
0
0
0
0
0
0
0
0
0
0
0
0
0
0
0
0
0
0
0
0
0
0
0
0
0
0
0
0
0
0
0
0
0
0
0
0
0
0
0
0
0
0
0
0
0
0
0
0
0
0
0
0
0
0
0
0
0
0
0
0
0
0
0
0
